Starting wss_test with SV...
Monitoring process 493499 with wss.pl...
Press Ctrl+C to stop monitoring
Watching PID 493499 page references grow, output every 0.1 seconds...
Est(s)     RSS(MB)    PSS(MB)    Ref(MB)
0.101        92.56      91.09      73.32
0.204       162.27     160.79     143.02
0.308       226.89     225.42     207.65
0.413       291.52     290.05     272.28
0.518       366.38     364.91     347.14
0.624       442.36     440.88     423.11
0.730       511.03     509.55     491.78
0.837       579.65     578.18     560.41
0.945       641.32     639.78     623.08
1.052       708.70     707.17     690.46
1.159       776.55     775.02     758.31
1.267       842.98     841.45     824.75
1.376       916.81     915.28     898.57
1.485       984.66     983.13     966.43
1.594      1054.75    1053.22    1036.52
1.704      1124.93    1123.39    1106.69
1.817      1184.40    1182.86    1166.16
1.935      1235.23    1233.71    1217.00
2.056      1265.32    1263.84    1247.07
2.173      1319.50    1318.03    1301.26
2.291      1364.41    1362.93    1346.17
2.416      1398.96    1397.48    1380.71
2.535      1439.22    1437.75    1420.98
2.650      1489.54    1488.07    1471.30
2.766      1530.81    1529.34    1529.07
2.880      1530.81    1529.34    1529.07
2.995      1530.81    1529.34    1529.07
3.111      1530.81    1529.34    1529.07
3.224      1530.81    1529.34    1529.07
3.337      1530.81    1529.34    1529.07
3.451      1530.81    1529.34    1529.07
3.564      1530.81    1529.34    1529.07
3.676      1530.81    1529.34    1529.07
3.789      1530.81    1529.34    1529.07
3.902      1530.81    1529.34    1529.07
4.014      1530.81    1529.34    1529.07
4.121         0.00       0.00       0.00
