Starting wss_test with UM...
Monitoring process 1283125 with wss.pl...
Press Ctrl+C to stop monitoring
Watching PID 1283125 page references for every 1 seconds...
Est(s)     RSS(MB)    PSS(MB)    Ref(MB)
1.006      1210.83    1209.48    1198.30
1.011      2389.88    2388.53    1333.44
1.017      3548.38    3547.03    1464.02
1.023      4738.96    4737.61    1190.40
1.027      5859.74    5858.39    1728.27
1.032      7058.44    7057.09    1198.51
1.036      8247.73    8246.38    1189.13
1.041      9445.14    9443.79    1197.22
1.045     10637.52   10636.17    1192.21
1.049     11685.84   11684.49    2410.04
1.053     12881.32   12879.97    1197.00
1.057     14080.79   14079.44    1200.97
1.061     15276.27   15274.92    1196.97
1.065     16479.09   16477.74    1204.33
1.069     17672.25   17670.90    1192.62
1.073     18872.62   18871.27    1200.11
1.077     20073.64   20072.29    1200.78
1.081     21275.43   21274.08    1201.55
1.085     22176.94   22175.59    3627.03
1.090     23377.05   23375.71    1199.65
1.092     24574.72   24573.37    1199.21
1.096     25778.71   25777.36    1205.49
1.100     26977.15   26975.80    1199.97
1.104     28177.01   28175.66    1199.93
1.108     29375.84   29374.49    1201.68
1.113     30561.45   30560.10    1530.06
WSS_UnorderedMap done, sum: 1783293664
1.117     30561.61   30560.14    4554.02
1.117     30561.61   30560.14    3428.09
1.117     30561.61   30560.14    3379.04
1.117     30561.61   30560.14    3380.30
1.117     30561.61   30560.14    3366.11
1.117     30561.61   30560.14    3346.20
1.117     30561.61   30560.14    3278.52
1.117     30561.61   30560.14    3304.66
1.071         0.00       0.00       0.00
